Accuracy: 0.9835
Precision: 0.9811738648947951
Recall: 0.9822616407982262
Latency: 0.8333457708358765ms