Accuracy: 0.9810654175928867
Precision: 0.9794858699353082
Recall: 0.9799029208890403
Latency: 0.8076216520374258ms
Samples: 25192